 # Derivative distribution function -dV(r)/dr (or -dV(d)/dd) vs d
  0.12500000      2.20000744E-03
  0.37500000      4.00006771E-03
  0.62500000      6.79993629E-03
  0.87500000      5.80000877E-03
   1.1250000      4.40001488E-03
   1.3750000      5.19990921E-03
   1.6250000      6.80005550E-03
   1.8750000      8.80002975E-03
   2.1250000      8.19993019E-03
   2.3750000      7.79998302E-03
   2.6250000      6.40010834E-03
   2.8750000      3.20005417E-03
   3.1250000      4.39989567E-03
   3.3750000      8.00001621E-03
   3.6250000      9.40001011E-03
   3.8750000      7.39991665E-03
   4.1250000      6.20007515E-03
   4.3750000      8.00001621E-03
   4.6250000      8.00001621E-03
   4.8750000      8.40008259E-03
   5.1250000      9.39989090E-03
   5.3750000      1.30000114E-02
   5.6250000      1.26000643E-02
   5.8750000      7.39991665E-03
   6.1250000      8.39996338E-03
   6.3750000      1.18000507E-02
   6.6250000      1.40000582E-02
   6.8750000      1.45999193E-02
   7.1250000      1.47999525E-02
   7.3750000      1.44000053E-02
   7.6250000      1.48000717E-02
   7.8750000      1.62000656E-02
   8.1250000      2.21999884E-02
   8.3750000      3.05999517E-02
   8.6250000      3.85999680E-02
   8.8750000      4.22000885E-02
   9.1250000      0.11459994    
   9.3750000      0.16319990    
   9.6250000      0.12100005    
   9.8750000      0.13760006    
   10.125000      0.16600001    
   10.375000      0.61839998    
   10.625000       1.4008000    
   10.875000      0.86280000    
   11.125000      -0.0000000    
   11.375000      -0.0000000    
   11.625000      -0.0000000    
   11.875000      -0.0000000    
   12.125000      -0.0000000    
   12.375000      -0.0000000    
   12.625000      -0.0000000    
   12.875000      -0.0000000    
   13.125000      -0.0000000    
   13.375000      -0.0000000    
   13.625000      -0.0000000    
   13.875000      -0.0000000    
   14.125000      -0.0000000    
   14.375000      -0.0000000    
   14.625000      -0.0000000    
   14.875000      -0.0000000    
   15.125000      -0.0000000    
   15.375000      -0.0000000    
   15.625000      -0.0000000    
   15.875000      -0.0000000    
   16.125000      -0.0000000    
   16.375000      -0.0000000    
   16.625000      -0.0000000    
   16.875000      -0.0000000    
   17.125000      -0.0000000    
   17.375000      -0.0000000    
   17.625000      -0.0000000    
   17.875000      -0.0000000    
   18.125000      -0.0000000    
   18.375000      -0.0000000    
   18.625000      -0.0000000    
   18.875000      -0.0000000    
   19.125000      -0.0000000    
   19.375000      -0.0000000    
