 # Derivative distribution function -dV(r)/dr (or -dV(d)/dd) vs d
  0.12500000      -0.0000000    
  0.37500000      -0.0000000    
  0.62500000      -0.0000000    
  0.87500000      -0.0000000    
   1.1250000      -0.0000000    
   1.3750000      -0.0000000    
   1.6250000      -0.0000000    
   1.8750000      -0.0000000    
   2.1250000      -0.0000000    
   2.3750000      -0.0000000    
   2.6250000      -0.0000000    
   2.8750000      -0.0000000    
   3.1250000      -0.0000000    
   3.3750000      -0.0000000    
   3.6250000      8.00013542E-04
   3.8750000      1.39999390E-03
   4.1250000      1.39999390E-03
   4.3750000      1.19996071E-03
   4.6250000      5.99980354E-04
   4.8750000      4.00066376E-04
   5.1250000      5.99980354E-04
   5.3750000      5.99980354E-04
   5.6250000      4.00066376E-04
   5.8750000      5.99980354E-04
   6.1250000      9.99927521E-04
   6.3750000      1.39999390E-03
   6.6250000      1.00004673E-03
   6.8750000      1.20007992E-03
   7.1250000      1.60002708E-03
   7.3750000      2.39992142E-03
   7.6250000      6.60002232E-03
   7.8750000      1.18000507E-02
   8.1250000      2.93999910E-02
   8.3750000      3.82000208E-02
   8.6250000      3.19999456E-02
   8.8750000      3.79999876E-02
   9.1250000      4.60000038E-02
   9.3750000      4.75999117E-02
   9.6250000      4.82000113E-02
   9.8750000      4.70000505E-02
   10.125000      5.04000187E-02
   10.375000      0.39339995    
   10.625000       1.7800000    
   10.875000       1.4148000    
   11.125000      -0.0000000    
   11.375000      -0.0000000    
   11.625000      -0.0000000    
   11.875000      -0.0000000    
   12.125000      -0.0000000    
   12.375000      -0.0000000    
   12.625000      -0.0000000    
   12.875000      -0.0000000    
   13.125000      -0.0000000    
   13.375000      -0.0000000    
   13.625000      -0.0000000    
   13.875000      -0.0000000    
   14.125000      -0.0000000    
   14.375000      -0.0000000    
   14.625000      -0.0000000    
   14.875000      -0.0000000    
   15.125000      -0.0000000    
   15.375000      -0.0000000    
   15.625000      -0.0000000    
   15.875000      -0.0000000    
   16.125000      -0.0000000    
   16.375000      -0.0000000    
   16.625000      -0.0000000    
   16.875000      -0.0000000    
   17.125000      -0.0000000    
   17.375000      -0.0000000    
   17.625000      -0.0000000    
   17.875000      -0.0000000    
   18.125000      -0.0000000    
   18.375000      -0.0000000    
   18.625000      -0.0000000    
   18.875000      -0.0000000    
   19.125000      -0.0000000    
   19.375000      -0.0000000    
